period,start_bal,interest,bal_after_int,pmt,bal_after_pmt,principal_repaid
1,100000.00,416.67,100416.67,2087.12,98329.55,1670.45
2,98329.55,409.71,98739.25,2087.12,96652.13,1677.41
3,96652.13,402.72,97054.85,2087.12,94967.73,1684.40
4,94967.73,395.70,95363.43,2087.12,93276.31,1691.42
5,93276.31,388.65,93664.96,2087.12,91577.84,1698.47
6,91577.84,381.57,91959.41,2087.12,89872.29,1705.55
7,89872.29,374.47,90246.76,2087.12,88159.64,1712.65
8,88159.64,367.33,88526.97,2087.12,86439.85,1719.79
9,86439.85,360.17,86800.02,2087.12,84712.90,1726.95
10,84712.90,352.97,85065.87,2087.12,82978.75,1734.15
11,82978.75,345.74,83324.50,2087.12,81237.38,1741.38
12,81237.38,338.49,81575.86,2087.12,79488.74,1748.63
13,79488.74,331.20,79819.95,2087.12,77732.83,1755.92
14,77732.83,323.89,78056.71,2087.12,75969.59,1763.23
15,75969.59,316.54,76286.13,2087.12,74199.01,1770.58
16,74199.01,309.16,74508.18,2087.12,72421.06,1777.96
17,72421.06,301.75,72722.81,2087.12,70635.69,1785.37
18,70635.69,294.32,70930.01,2087.12,68842.89,1792.80
19,68842.89,286.85,69129.73,2087.12,67042.61,1800.27
20,67042.61,279.34,67321.96,2087.12,65234.84,1807.78
21,65234.84,271.81,65506.65,2087.12,63419.53,1815.31
22,63419.53,264.25,63683.78,2087.12,61596.66,1822.87
23,61596.66,256.65,61853.31,2087.12,59766.19,1830.47
24,59766.19,249.03,60015.22,2087.12,57928.10,1838.09
25,57928.10,241.37,58169.46,2087.12,56082.34,1845.75
26,56082.34,233.68,56316.02,2087.12,54228.90,1853.44
27,54228.90,225.95,54454.85,2087.12,52367.73,1861.17
28,52367.73,218.20,52585.93,2087.12,50498.81,1868.92
29,50498.81,210.41,50709.22,2087.12,48622.10,1876.71
30,48622.10,202.59,48824.70,2087.12,46737.58,1884.53
31,46737.58,194.74,46932.31,2087.12,44845.19,1892.38
32,44845.19,186.85,45032.05,2087.12,42944.93,1900.27
33,42944.93,178.94,43123.87,2087.12,41036.75,1908.18
34,41036.75,170.99,41207.73,2087.12,39120.61,1916.13
35,39120.61,163.00,39283.62,2087.12,37196.50,1924.12
36,37196.50,154.99,37351.48,2087.12,35264.36,1932.13
37,35264.36,146.93,35411.30,2087.12,33324.18,1940.19
38,33324.18,138.85,33463.03,2087.12,31375.91,1948.27
39,31375.91,130.73,31506.64,2087.12,29419.52,1956.39
40,29419.52,122.58,29542.10,2087.12,27454.98,1964.54
41,27454.98,114.40,27569.38,2087.12,25482.26,1972.72
42,25482.26,106.18,25588.43,2087.12,23501.31,1980.94
43,23501.31,97.92,23599.24,2087.12,21512.12,1989.20
44,21512.12,89.63,21601.75,2087.12,19514.63,1997.49
45,19514.63,81.31,19595.94,2087.12,17508.82,2005.81
46,17508.82,72.95,17581.77,2087.12,15494.65,2014.17
47,15494.65,64.56,15559.21,2087.12,13472.09,2022.56
48,13472.09,56.13,13528.23,2087.12,11441.11,2030.99
49,11441.11,47.67,11488.78,2087.12,9401.66,2039.45
50,9401.66,39.17,9440.83,2087.12,7353.71,2047.95
51,7353.71,30.64,7384.35,2087.12,5297.23,2056.48
52,5297.23,22.07,5319.31,2087.12,3232.19,2065.05
53,3232.19,13.47,3245.65,2087.12,1158.53,2073.65
54,1158.53,4.83,1163.36,1163.36,0.00,1158.53
55,0.00,0.00,0.00,0.00,0.00,0.00
56,0.00,0.00,0.00,0.00,0.00,0.00
57,0.00,0.00,0.00,0.00,0.00,0.00
58,0.00,0.00,0.00,0.00,0.00,0.00
59,0.00,0.00,0.00,0.00,0.00,0.00
60,0.00,0.00,0.00,0.00,0.00,0.00
